A380_cost = 3028.7323512413177
A381_cost = 3823.7178777134127
A382_cost = 4617.520561473031
A382_cost = 5405.409031670279

